Query: 1
Nearest neighbour-1: 9759
distanceLSH: 328.157
distanceTrue: 276.782
tLSH: 0.000283777
tTrue: 0.021319
10000-near neighbours:
9759
9795
1600
155
508
9300
3966
393
6451
6810
265
4373
1052
8854
7576
7833
1634
9150
2408
845
845
6792
3148
6945
9453
3716
5356
3658
6965
1278
4195
4117
2318
5544
7885
2147
9956
1643
6940
5418
4989
6264
5619
9589
6937
9378
8862
9689
9986
8989
8402
7268
4990
231
1172
2892
8481
7967
6269
4741
5749
7802
5596
5362
Query: 2
Nearest neighbour-1: 3850
distanceLSH: 313.968
distanceTrue: 256.852
tLSH: 0.000292777
tTrue: 0.024518
10000-near neighbours:
3850
503
398
9545
1852
954
4249
9606
1455
3990
9423
3399
4281
3874
3777
2393
4126
536
4326
1504
1309
627
7572
7323
9785
4130
7630
2219
3622
7353
8844
7641
5518
4644
8158
5691
35
9426
6721
9172
4919
8267
6405
9943
6378
7363
111
5900
6471
6510
8996
6350
1638
8633
8921
2877
4808
5051
8072
6604
1481
335
1331
9973
4954
4435
3259
5326
7329
1432
5895
4313
5884
9020
7559
9623
8403
4734
5196
9103
7805
4726
6633
7488
7488
5527
Query: 3
Nearest neighbour-1: 159
distanceLSH: 339.909
distanceTrue: 206.737
tLSH: 0.000239777
tTrue: 0.023592
10000-near neighbours:
159
6505
7820
8019
9797
5567
2918
6132
427
986
3547
8036
726
2484
3726
4313
6609
5612
7312
1555
9588
8592
9891
2712
2536
4405
3095
8661
8127
4441
8879
7789
3353
8593
2087
7710
3489
7637
7865
3144
7712
9120
4182
2198
8488
7446
3319
9375
5119
2794
2380
8012
5843
2675
3057
9679
5536
8526
3862
667
9716
8918
9744
6011
Query: 4
Nearest neighbour-1: 126
distanceLSH: 273.115
distanceTrue: 215.177
tLSH: 0.000297777
tTrue: 0.019639
10000-near neighbours:
126
8478
9916
371
3308
2686
4436
1759
364
8207
479
1513
3430
408
3972
782
2737
2872
1520
7433
1710
1704
228
8115
8956
8043
7889
6186
6242
2161
7507
6882
2504
7075
5662
8134
5131
6623
8586
6891
6965
8687
9078
3651
5412
7372
4241
8354
7137
9413
269
7363
6695
1348
4084
7457
3206
6373
6373
3727
8576
1916
9696
1873
4891
3169
9752
5770
8342
3051
7948
306
2941
251
3435
221
1210
1011
3666
1146
4916
1400
4582
5281
5460
4857
5087
Query: 5
Nearest neighbour-1: 3463
distanceLSH: 298.136
distanceTrue: 250.509
tLSH: 0.000298777
tTrue: 0.020741
10000-near neighbours:
3463
410
5405
1303
9505
8271
6217
9687
6506
4780
2620
8175
2941
3193
8751
9166
2423
857
6605
3023
3644
2791
5587
1022
254
2344
5501
3488
7054
6248
9797
5785
8076
8578
9092
6749
8748
6047
6948
5725
2241
6623
1502
6683
5385
9551
1101
2777
5341
6890
1094
7176
5443
3868
3696
9396
7227
1537
6588
2664
1093
5739
2166
2262
6446
3148
3122
1690
6484
319
1032
884
8014
6516
5181
438
4351
45
6639
6984
6798
Query: 6
Nearest neighbour-1: 3142
distanceLSH: 347.92
distanceTrue: 275.151
tLSH: 0.000308777
tTrue: 0.020222
10000-near neighbours:
3142
7505
3430
127
2737
2737
1700
337
9694
1896
3553
6064
6791
672
7736
3972
1469
4442
7433
7209
2307
2082
6576
1759
9504
8001
39
9815
827
9838
2212
8478
9284
4137
364
9828
1458
7075
7240
9605
3301
4799
265
1281
2346
9408
6386
2053
2928
782
8435
6541
2449
5359
8586
6186
8286
9078
3651
7474
7372
5135
649
8833
6363
6471
3599
3824
6373
514
1901
269
5807
716
5957
2921
1432
7936
8725
2454
4819
4891
6437
2444
8340
4862
1400
1011
5848
1916
7364
7252
759
1878
3314
4710
8581
5460
5951
2207
5207
6162
Query: 7
Nearest neighbour-1: 1152
distanceLSH: 279.809
distanceTrue: 246.609
tLSH: 0.000264777
tTrue: 0.020302
10000-near neighbours:
1152
8285
1318
7864
9066
122
2439
1886
2802
2644
2303
4687
3186
3196
2219
2264
2850
2759
3125
8406
9836
5918
7657
4193
6731
9012
7601
2245
1470
7107
8560
7287
8629
3696
8316
5566
6327
6590
7786
1198
9905
4077
3867
752
7541
8655
4085
7024
9036
7428
6690
1297
197
3031
9023
291
6299
5156
4969
8339
2538
8632
5544
7604
764
8186
4313
4106
5504
6883
4662
5595
7191
4722
1290
4401
2897
Query: 8
Nearest neighbour-1: 3219
distanceLSH: 300.935
distanceTrue: 173.948
tLSH: 0.000323777
tTrue: 0.02013
10000-near neighbours:
3219
897
9229
9786
8511
6421
4533
3029
3127
192
7857
3262
663
1954
1494
9456
3812
1447
9714
2183
1324
9575
8945
3785
2087
2732
8569
5727
6764
137
7992
6481
4294
4442
1619
511
7096
6523
9494
607
7037
8728
2499
2950
2905
8614
5815
4948
8714
373
3486
7180
5625
8564
6909
9822
500
7517
3973
269
635
2839
6902
4341
8526
4832
2768
9247
2375
7767
354
1882
8851
6031
3193
8020
3900
892
8589
8061
546
8147
7026
8184
8789
4777
8246
9560
9313
5730
4604
5238
5533
9801
Query: 9
Nearest neighbour-1: 8442
distanceLSH: 272.053
distanceTrue: 248.473
tLSH: 0.000294777
tTrue: 0.020091
10000-near neighbours:
8442
2077
4731
9185
8501
4504
118
9305
5018
7060
9165
5770
3633
1601
5485
4563
5365
5365
4012
7399
7399
4885
3445
4219
6964
3377
8364
8072
529
9798
9431
4033
4520
1654
660
1115
771
3670
9617
6352
3571
7876
6694
6293
4866
6916
3690
6048
7004
5329
7995
7767
7839
1975
7633
9280
8621
7890
3521
9489
8729
382
8274
2019
7371
1013
788
7293
7610
7987
7880
3783
5753
3301
8167
1917
7901
1125
1037
1802
8449
9230
48
7991
7962
4815
6461
4643
9363
37
5764
Query: 10
Nearest neighbour-1: 6109
distanceLSH: 314.701
distanceTrue: 250.014
tLSH: 0.000356777
tTrue: 0.019972
10000-near neighbours:
6109
2141
1692
6625
9400
4463
5492
8048
179
5625
8672
4904
8577
6744
962
641
4158
5702
7182
3259
7437
8896
4047
7726
4109
378
623
5419
1496
4546
9115
7543
1836
8839
4259
1000
6825
1235
1697
3384
9719
7885
8197
199
3663
3768
8517
5439
5469
2802
4337
5591
9198
5299
7274
5852
2260
4342
4629
1740
9676
6769
4221
2562
6623
3173
2287
2118
9278
2003
9462
1390
847
7058
2213
8236
4271
3166
9668
1578
527
7525
6629
1127
271
3916
4234
2974
377
3887
7893
8426
7179
6071
Query: 11
Nearest neighbour-1: 429
distanceLSH: 350.753
distanceTrue: 293.883
tLSH: 0.000286777
tTrue: 0.019899
10000-near neighbours:
429
3242
3681
3816
4058
9373
263
8847
943
5875
8570
2801
362
684
1868
1072
1620
281
9409
8522
285
3806
3172
6517
81
1091
8116
3537
4580
7685
6966
9461
6228
5854
7853
7634
2000
7337
9372
7935
8727
1774
9283
2102
9302
6423
6305
2586
5750
2021
3792
963
7060
1056
8820
8264
6478
5229
9122
9722
1735
7362
5827
4560
8873
4558
5053
8101
8541
4850
Query: 12
Nearest neighbour-1: 5977
distanceLSH: 248.111
distanceTrue: 172.163
tLSH: 0.000343777
tTrue: 0.020144
10000-near neighbours:
5977
3165
4695
7843
3667
8719
4553
9612
418
7047
5358
1089
9854
2208
3960
2306
2289
2368
1196
4206
1883
5332
2988
7956
4309
9407
3726
8381
3508
4474
3251
5958
6510
7502
6298
5155
2049
8992
7676
9313
3340
8746
7128
8620
2391
8782
8953
1228
587
7462
4120
1503
3245
4169
3715
6836
494
9177
6370
4302
2580
3459
8495
1032
7552
4449
2125
3993
7535
4428
2730
3285
7367
3367
9141
8752
1045
1812
9765
Query: 13
Nearest neighbour-1: 1446
distanceLSH: 316.076
distanceTrue: 238.55
tLSH: 0.000265777
tTrue: 0.019983
10000-near neighbours:
1446
4326
3534
923
4132
9646
9550
6421
1842
9558
526
6246
1404
646
9170
2889
3579
7953
6863
6250
7710
4838
2242
4220
2235
6631
3173
6818
2338
6472
7835
2979
2593
482
2189
3446
6372
5909
231
4166
3892
297
9793
9763
1137
4876
6703
2059
4864
1136
7867
874
9625
8704
7362
4652
7802
Query: 14
Nearest neighbour-1: 1875
distanceLSH: 321.174
distanceTrue: 244.677
tLSH: 0.000293777
tTrue: 0.019712
10000-near neighbours:
1875
4024
2494
3830
3574
823
9363
2268
2294
9906
5780
9928
9923
3393
1162
4002
601
3953
211
1983
2642
2647
4515
7384
4297
7852
6470
569
9053
8529
9132
2496
6466
4937
7532
8242
9853
377
8167
6861
4332
6233
1909
1839
4752
3922
6438
557
2957
2068
8618
4279
9271
334
4135
4843
5850
9951
649
1138
4040
5
6299
2367
9768
971
6909
3689
4480
8181
7126
9458
8073
5252
24
5878
4701
5454
4737
6425
3963
6241
1512
9399
3764
6907
4878
1540
5258
8979
5951
6289
Query: 15
Nearest neighbour-1: 7598
distanceLSH: 362.81
distanceTrue: 273.317
tLSH: 0.000289777
tTrue: 0.019784
10000-near neighbours:
7598
3408
3280
5374
1375
8094
7546
4834
1068
7020
5337
1222
5010
3766
2778
5370
516
8576
4818
9769
9362
5541
5594
3603
1531
4862
2913
3033
8271
6772
6875
7444
430
9320
5195
7427
4880
28
6597
9220
8279
717
7019
8295
1316
1316
1284
8313
4488
3609
4468
4337
4423
1454
1075
1430
1493
6154
3790
8371
6979
6778
3836
6494
6673
6845
7322
2392
3020
4527
1574
6724
4619
7684
156
3044
898
3041
9923
9949
7842
4747
Query: 16
Nearest neighbour-1: 1219
distanceLSH: 624.062
distanceTrue: 253.683
tLSH: 0.000111777
tTrue: 0.021008
10000-near neighbours:
689
8439
9342
4625
141
6383
7680
766
4150
9629
1135
551
8331
400
7398
7211
5085
9013
3555
8291
992
992
9287
236
5052
3509
4871
3435
5342
1722
2772
8623
6353
8436
5486
9031
1655
5399
3258
5017
6464
9233
8573
6908
4911
3477
7627
7412
2860
2687
9282
4327
6860
8772
3289
4034
8944
9897
4430
5893
1900
1684
4415
3531
7129
1219
7670
9169
6400
1711
2755
1690
9576
9904
7863
5400
4579
887
94
495
6630
7847
6858
8195
8512
4051
3041
Query: 17
Nearest neighbour-1: 3057
distanceLSH: 288.981
distanceTrue: 248.2
tLSH: 0.000255777
tTrue: 0.021227
10000-near neighbours:
3057
9702
152
8583
3949
1880
4264
1054
9557
8322
1118
7988
193
2767
6685
6376
6713
2475
1128
7685
5450
6834
7652
7470
8388
7304
5935
9001
9341
7461
1026
9339
8263
8572
2156
74
9136
4227
6961
275
4195
4925
709
2481
4013
6579
6032
7217
6276
1349
8042
8965
1268
6177
56
4942
7795
7875
5121
9913
3980
7867
8699
8699
5433
4509
3004
8442
5721
6063
Query: 18
Nearest neighbour-1: 175
distanceLSH: 313.801
distanceTrue: 254.635
tLSH: 0.000247777
tTrue: 0.022986
10000-near neighbours:
175
3919
2154
9264
4120
4870
1329
299
913
5724
2265
799
3065
9996
8710
6459
1934
7746
6287
4020
4869
4422
9878
9089
1840
5657
9152
6652
8993
2568
5131
8693
6252
7276
8025
6195
1865
3373
3465
7019
6804
1508
2171
1257
3375
7975
4410
6027
9698
7516
5178
5224
1826
4329
6789
4739
7885
5064
6696
6958
4409
2086
5169
1892
4958
4485
9805
9728
4704
4608
Query: 19
Nearest neighbour-1: 1705
distanceLSH: 600.715
distanceTrue: 266.889
tLSH: 0.000104777
tTrue: 0.020025
10000-near neighbours:
501
4659
8303
3601
6840
4749
3378
54
4543
4985
4404
6279
5130
3038
7589
5912
4791
9071
7429
167
2658
4899
6423
8445
9265
6927
8358
3254
6619
4005
2866
5504
8578
9243
1594
5791
6066
7063
3060
5377
8148
9853
8205
4035
7319
3131
8809
2886
2246
1251
9837
1705
5080
4139
3910
293
8731
6543
8233
7834
6520
9674
2494
6723
108
9744
8666
4075
Query: 20
Nearest neighbour-1: 3392
distanceLSH: 262.294
distanceTrue: 224.751
tLSH: 0.000261777
tTrue: 0.024867
10000-near neighbours:
3392
9574
1677
3360
3043
4164
9066
9649
3966
4038
2497
8411
818
189
9776
9578
9604
9504
6655
3438
9093
5874
2730
6574
1417
4696
2065
6664
9411
3978
9295
8356
5815
7266
81
6673
6902
8689
7091
7296
9134
8133
6352
2101
8937
2601
797
1233
8680
473
5177
3494
1583
5791
3372
4688
4311
3213
5524
8789
4911
2058
5363
5007
7121
2482
9153
9669
9420
7481
6042
5558
6755
9265
5971
5532
5006
7223
Query: 21
Nearest neighbour-1: 8460
distanceLSH: 450.09
distanceTrue: 192.984
tLSH: 0.000104777
tTrue: 0.021869
10000-near neighbours:
2560
2012
4813
1779
6086
6436
7518
7040
1726
4507
5989
7279
1872
622
6034
2093
7709
1234
8707
9040
8460
2135
9531
4473
4659
8620
4671
5387
4753
34
9959
6222
8736
5299
3782
7924
4678
5593
3746
8000
2738
2305
4576
6644
5035
7416
6733
8789
4228
4602
2503
1097
6951
2945
2311
9125
3798
1463
8397
8297
7445
9224
2172
9695
9083
8966
7202
8385
9371
7438
3428
7067
452
7295
4181
3621
5447
4747
9585
8067
6270
805
5116
7439
8933
Query: 22
Nearest neighbour-1: 6006
distanceLSH: 279.945
distanceTrue: 80.8455
tLSH: 0.000291777
tTrue: 0.021318
10000-near neighbours:
6006
8919
6784
8855
4680
1905
1214
9708
1473
9986
7920
7216
5379
4979
5422
1811
6611
5145
1443
7638
3631
7210
6691
5803
5010
8273
8465
4749
6909
9859
952
8402
4853
7780
9717
750
1932
5455
3664
7679
6249
7082
6545
2721
2508
3295
8464
4137
8922
6012
8279
2735
818
8843
7380
9163
2163
1760
5767
1524
5813
9566
3118
3394
1964
2169
4174
8238
9753
5853
5537
3150
8518
8202
5319
3982
9630
6983
1151
146
6837
Query: 23
Nearest neighbour-1: 4855
distanceLSH: 223.967
distanceTrue: 173.052
tLSH: 0.000247777
tTrue: 0.020326
10000-near neighbours:
4855
4744
4479
4904
1330
1330
4969
7805
521
8223
5061
9976
3705
1423
411
4617
2248
1265
3632
4946
7783
9767
4031
1362
4787
6329
199
5788
5704
7463
7410
4411
6169
6399
224
6137
7936
6310
5416
9124
6652
9727
6157
3630
2687
7521
4430
5191
735
6913
9887
3111
7358
1200
9511
5317
5507
4253
9578
1353
9462
4095
6928
2278
9249
5356
8484
6979
Query: 24
Nearest neighbour-1: 5289
distanceLSH: 269.336
distanceTrue: 253.941
tLSH: 0.000252777
tTrue: 0.020412
10000-near neighbours:
5289
9894
1822
2699
5950
6041
9770
5629
433
4318
2877
8501
1871
4793
2
6177
4546
5597
5554
4755
3802
313
3227
34
392
3765
2819
9349
7442
6544
6579
3987
1528
4054
231
6341
7029
4851
9914
6951
5201
2483
3018
88
6564
6942
8571
7609
2031
925
7402
9664
300
5918
9874
8234
8860
9073
695
5929
3951
8836
2740
9907
2449
4269
7235
3459
3760
9928
7267
5689
6798
7634
Query: 25
Nearest neighbour-1: 9265
distanceLSH: 284.996
distanceTrue: 154.227
tLSH: 0.000252777
tTrue: 0.020901
10000-near neighbours:
9265
2072
4491
4005
6840
905
2828
9055
2942
8928
4958
9611
5245
188
1871
900
5079
4899
8303
4627
4985
3447
2015
297
6704
6279
2586
5372
3564
7813
7513
5521
1426
1426
1350
6423
1081
5350
7738
6927
7780
9255
7568
9243
7382
2330
6450
3060
3561
2732
2355
7319
1666
6623
1029
9828
7274
569
2120
5377
2886
4185
2164
6829
8515
7021
6723
3760
2494
7855
2565
5623
293
8545
3298
Query: 26
Nearest neighbour-1: 2210
distanceLSH: 401.811
distanceTrue: 271.61
tLSH: 0.000134777
tTrue: 0.02342
10000-near neighbours:
78
9321
4713
434
1424
4190
7154
5209
2210
3502
3028
9019
3261
1372
2655
4078
5150
3176
5627
1044
2083
8399
8638
7006
2599
5611
8094
640
7205
9900
4976
9421
4575
3658
6219
7543
7640
4783
2122
8244
7128
1057
8788
5156
8441
6682
6899
7609
6418
463
1316
5934
6591
6591
7796
2961
4029
8509
3968
7505
2750
8386
4775
5049
979
8858
2930
571
9322
2736
9390
9879
9992
8290
4968
2036
6242
2755
6629
800
3887
6639
103
4518
8193
4495
3116
749
4165
Query: 27
Nearest neighbour-1: 7051
distanceLSH: 281.755
distanceTrue: 183.442
tLSH: 0.000247777
tTrue: 0.023216
10000-near neighbours:
7051
3335
1810
2557
5281
3666
7040
221
1745
5418
6200
7945
3435
4678
6511
4668
5064
1873
890
4863
2556
8333
9156
2789
1174
8218
8576
8342
6695
9134
7137
9077
8134
7591
2902
9368
3228
2504
4287
1031
9739
9966
3235
479
567
8687
3230
2104
7669
4443
7681
6623
1053
7304
6692
958
2629
5656
615
2695
6672
5845
2723
9083
2636
7889
126
4007
9888
9285
8966
1155
5603
Query: 28
Nearest neighbour-1: 4657
distanceLSH: 256.478
distanceTrue: 175.516
tLSH: 0.000272777
tTrue: 0.021075
10000-near neighbours:
4657
1640
4574
9884
716
1781
7053
3213
5879
327
9993
765
5470
5695
4634
1881
9856
3047
5114
1015
975
1743
2015
2480
8733
2727
573
3960
7476
4349
4876
6976
4770
8867
9921
5551
3176
3820
5547
8024
7593
6381
9283
9463
8387
2539
4063
761
2867
403
4029
4379
664
4133
801
933
3751
9712
7065
8728
7402
9150
2679
6038
8320
1027
4748
6316
790
9328
4262
3417
2974
616
6947
9690
170
6588
4202
7250
5384
9196
6900
4097
6515
Query: 29
Nearest neighbour-1: 5109
distanceLSH: 289.159
distanceTrue: 224.86
tLSH: 0.000264777
tTrue: 0.020909
10000-near neighbours:
5109
4509
58
6680
654
1067
2076
9740
1903
7801
5588
2768
8907
5768
4573
521
7015
7785
726
7974
1290
8943
7331
1614
2561
6606
9597
2545
3047
8829
1639
3671
5075
6339
9882
8343
3374
1556
5989
7332
8476
7263
1879
2017
3595
3179
4736
8812
8152
4004
1977
9769
9239
4933
7823
4205
2484
6148
2604
5874
4550
2140
6765
3923
7894
3865
2353
6327
9277
7987
7031
7557
2590
668
6317
146
5618
Query: 30
Nearest neighbour-1: 5454
distanceLSH: 125.379
distanceTrue: 125.379
tLSH: 0.000286777
tTrue: 0.021149
10000-near neighbours:
5454
6996
4752
4212
8268
961
5077
4563
1317
6875
1260
8523
778
660
5905
767
1456
3433
4737
8003
9399
550
165
1743
2400
4878
7545
649
1540
34
1592
197
9243
91
3739
3689
4691
8113
4843
8314
6622
8463
3060
6186
4102
1758
7185
4015
3636
5973
7194
7937
4024
6233
5780
8529
1817
1875
7295
9235
2268
6288
850
2775
9802
601
5499
7037
3619
7230
2374
4839
2647
2025
687
1182
293
211
377
4523
2852
7658
Query: 31
Nearest neighbour-1: 5208
distanceLSH: 265.377
distanceTrue: 265.377
tLSH: 0.000279777
tTrue: 0.022246
10000-near neighbours:
5208
4664
1958
7024
5594
7806
6457
9246
7236
79
7008
9103
9979
1297
5751
4118
7048
3031
252
252
752
5418
894
1569
2897
3659
6366
3866
457
6118
4121
5525
7150
4841
3004
6125
5412
6691
2729
5606
6908
9155
5646
3867
6444
3683
4223
8688
3559
3386
85
4421
3798
6966
2811
2266
2944
758
3103
2115
1294
4896
1729
7786
1296
4467
5116
2096
9351
7864
6982
1919
7107
1565
7335
3914
8681
8406
2245
8560
2706
3186
3458
7070
8151
9628
9344
4380
4967
Query: 32
Nearest neighbour-1: 4268
distanceLSH: 337.251
distanceTrue: 109.192
tLSH: 0.000259777
tTrue: 0.020875
10000-near neighbours:
4268
5859
7422
9110
547
551
2709
3766
4623
9506
6028
7154
4586
2519
6532
4509
2283
3130
6382
1180
6390
3074
2340
9319
1926
2713
8778
5716
6120
6343
1300
5523
4903
7374
5244
1745
3821
4212
7042
9587
6381
5521
8960
6634
7153
5872
8599
7075
2145
7317
7756
8361
871
8689
348
3498
6400
1840
531
8155
1463
9500
7723
3228
6723
9489
7968
6146
5920
6191
2821
8413
4482
7055
2975
1633
2175
9747
3982
8353
2934
Query: 33
Nearest neighbour-1: 1913
distanceLSH: 359.21
distanceTrue: 187.563
tLSH: 0.000412777
tTrue: 0.020759
10000-near neighbours:
1913
279
7015
521
2769
4640
1893
726
5542
2386
5459
8651
8330
4712
1023
2032
2430
4335
2985
6953
6343
2623
3015
3274
9945
5621
7941
6681
8102
7001
9233
9297
7430
8788
9959
5248
8436
5234
7485
7929
6494
2533
9088
9965
8280
7320
8372
2840
4058
137
7403
5271
6427
5278
2635
9373
8775
9542
3103
9672
9918
3554
9747
4099
9695
2571
1778
8917
4746
1204
7634
5600
9917
5518
9949
6693
5275
8849
3289
7508
8012
227
2697
2000
68
4523
7662
9682
Query: 34
Nearest neighbour-1: 3242
distanceLSH: 435.246
distanceTrue: 328.279
tLSH: 0.000293777
tTrue: 0.020522
10000-near neighbours:
3242
5623
6397
3807
9887
3858
8165
7969
587
155
955
3624
2795
3920
5271
6334
1130
9861
6207
6207
926
1806
413
9178
843
7093
6569
2364
4113
1369
4203
5983
8293
1712
9822
9157
1622
8357
6300
5808
481
56
6239
5854
5217
222
9197
6105
3643
5677
7813
6428
5698
2292
2522
4040
5361
1099
1829
1815
6275
7767
5966
9943
7166
3210
549
5717
866
4497
4713
9629
6609
53
4222
332
4211
2758
4108
3666
5578
8319
9895
7143
Query: 35
Nearest neighbour-1: 4054
distanceLSH: 347.658
distanceTrue: 248.554
tLSH: 0.000273777
tTrue: 0.020959
10000-near neighbours:
4054
313
9185
3218
9562
433
1115
3633
4135
8737
6579
8072
8501
2483
9769
4851
231
521
4300
1731
4884
9362
771
9165
2699
5034
1264
6269
7617
2343
6341
8631
190
7973
4311
5485
8803
8470
3091
1090
9798
6544
5519
5254
6320
1654
7033
5476
5329
6806
7931
5402
6293
6375
3150
5935
7890
2232
3874
3302
9236
7609
1069
5383
4445
3967
8449
1975
2770
1802
7306
8296
4301
7228
9405
5929
7390
8002
3521
3301
7267
5149
2701
9427
9196
133
5239
9230
6461
Query: 36
Nearest neighbour-1: 2214
distanceLSH: 366.594
distanceTrue: 120.975
tLSH: 0.000298777
tTrue: 0.020633
10000-near neighbours:
2214
9201
3065
449
1247
736
1039
5444
1964
5190
9486
1463
531
173
842
9990
8413
110
490
1502
2898
3425
4384
3692
4112
7962
330
7304
8085
1098
4125
7917
2451
7246
3060
6864
4870
8045
3059
6711
6706
2370
7909
7893
7490
8720
2403
2520
2283
1114
4194
5437
3577
5396
7533
4349
5144
7204
4927
2512
4791
1435
8974
1375
5298
7566
1413
5029
750
2885
9910
876
3440
9883
4972
5065
2545
101
4886
5044
9522
1360
6321
4508
4512
158
455
104
5529
3925
4507
9485
4314
6024
7788
5755
4764
Query: 37
Nearest neighbour-1: 8955
distanceLSH: 333.684
distanceTrue: 111.459
tLSH: 0.000283777
tTrue: 0.020439
10000-near neighbours:
8955
6855
9261
6675
4448
3293
910
402
3717
2355
5190
4025
9113
9605
9286
8409
4494
9393
3076
614
9411
8905
2648
7839
1475
9260
9404
7402
49
8056
8085
7273
8360
8180
8886
9272
5985
8819
7682
4268
624
51
1530
9401
1222
1398
5402
7577
7457
9069
4210
2058
4824
8946
2769
4570
872
9790
6131
8613
4750
4858
6014
1946
8722
4915
5778
4681
5440
4716
5880
Query: 38
Nearest neighbour-1: 2114
distanceLSH: 406.377
distanceTrue: 166.856
tLSH: 0.000234777
tTrue: 0.020463
10000-near neighbours:
2114
2301
3579
599
149
1296
1972
1272
2771
8117
4455
5060
2851
2419
8001
4088
3589
3450
3423
7861
511
5841
7086
5940
971
4760
5517
417
1913
3908
5661
6711
517
3032
9877
8355
7401
3001
7449
5178
9092
2432
6447
7185
9063
9327
5247
6274
6363
267
4608
4739
837
7577
7783
4893
6680
4151
5015
7339
8477
7482
375
8122
2351
6497
5476
Query: 39
Nearest neighbour-1: 4435
distanceLSH: 364.774
distanceTrue: 156.359
tLSH: 0.000297777
tTrue: 0.020632
10000-near neighbours:
4435
4535
447
9612
2443
7060
2147
6050
3964
746
5873
3192
223
8990
2269
5487
5353
3445
1004
9062
7784
5593
375
794
2428
475
1299
9257
5912
2854
1435
4701
4556
960
7517
4718
3385
2560
2047
306
4758
1601
593
5091
4055
4055
9077
5615
6665
1081
5577
6068
5642
4018
8068
5192
2618
2883
1558
8854
2881
863
6199
1238
840
419
1772
3473
2954
5919
5099
7255
43
870
2944
4252
3070
9756
1066
2805
5256
7919
8689
5232
6157
4289
428
1938
9128
6101
3835
3744
2651
7375
8611
7853
7489
Query: 40
Nearest neighbour-1: 4608
distanceLSH: 253.444
distanceTrue: 193.977
tLSH: 0.000289777
tTrue: 0.021714
10000-near neighbours:
4608
6362
5650
1946
2698
5922
5079
6301
514
4536
1528
1909
396
5206
2558
1344
7047
1411
6046
1276
8355
1913
2595
6363
5293
8673
7773
5113
3596
7577
4093
4461
4017
4151
2351
5397
7320
3958
6095
9063
7218
5476
1867
8878
9028
7796
5886
2533
382
3144
2735
2304
7108
2492
5687
5709
1111
5060
7058
6713
3368
1763
5825
9533
2626
5841
477
9163
3908
4467
97
2694
7087
2503
3589
9029
2851
240
6790
1433
7587
5603
6711
4921
Query: 41
Nearest neighbour-1: 1613
distanceLSH: 337.153
distanceTrue: 153.564
tLSH: 0.000260777
tTrue: 0.022163
10000-near neighbours:
1613
1115
4012
7156
312
4505
7765
2658
5280
8375
3633
4519
1233
8501
6753
3722
2366
9720
6280
9185
9870
1263
589
5485
1654
6293
4708
8072
771
9798
7960
5329
7945
6328
1580
9165
1783
9789
8620
9011
4139
1140
2589
139
2799
1975
1607
7890
276
3301
3455
6256
3789
3684
8387
5447
1566
6040
2510
3392
1802
5857
8449
4938
9212
1237
9269
9296
1553
330
7395
8214
9536
6053
3521
6461
6720
9230
Query: 42
Nearest neighbour-1: 2572
distanceLSH: 307.148
distanceTrue: 200.494
tLSH: 0.000270777
tTrue: 0.020811
10000-near neighbours:
2572
5988
7914
7914
7290
3287
1996
3183
1471
7659
1807
5782
3228
8887
484
5690
3899
1030
3320
3833
3426
1416
3725
6790
7371
3553
1033
1775
9816
6075
9972
1761
9670
49
5448
5498
3907
3550
3858
9276
6044
8188
292
5773
9132
9039
8049
9481
1457
3278
5908
2013
519
5333
683
3371
8943
9922
937
9241
9892
8615
5922
7425
426
3279
3053
2322
9961
8466
7963
811
4865
6138
6566
7191
7738
5436
4107
7923
1042
6492
4926
5338
5084
Query: 43
Nearest neighbour-1: 7478
distanceLSH: 320.189
distanceTrue: 236.772
tLSH: 0.000237777
tTrue: 0.020297
10000-near neighbours:
7478
188
5328
4738
2143
5834
4689
1793
6501
8566
1591
9060
2653
3932
3577
4150
6658
2375
1397
1274
4933
7604
6120
8083
3161
2720
751
2947
6567
9854
5578
5336
4995
5150
8573
3773
7269
3880
2614
1843
1487
1554
3478
2925
140
7290
1679
7228
1282
598
1786
3609
5800
2475
277
7841
2280
9777
4295
3127
1688
6122
3422
9779
9936
8483
4502
8056
941
Query: 44
Nearest neighbour-1: 7975
distanceLSH: 401.859
distanceTrue: 165.339
tLSH: 0.000102777
tTrue: 0.020488
10000-near neighbours:
3981
9856
6784
1442
3164
3733
4368
9362
5702
5567
4537
8503
974
3672
4777
2848
1805
2582
8771
3871
4803
7975
2927
3954
959
5015
208
9890
7258
7484
9008
7707
5104
380
4033
7664
8109
5994
9025
6440
8856
5649
8063
8708
1380
8985
5744
3573
4425
8514
3872
4020
1605
9967
7232
7195
758
3836
2741
1834
4386
3116
1342
7576
2416
8637
3521
929
6846
6570
8057
9831
5490
1505
7172
Query: 45
Nearest neighbour-1: 6460
distanceLSH: 328.516
distanceTrue: 256.353
tLSH: 0.000279777
tTrue: 0.020633
10000-near neighbours:
6460
8056
859
2840
6333
1833
6835
3840
4024
1938
9543
1765
9542
328
4529
7353
2757
2153
1760
436
2962
2201
137
3263
3293
1229
2888
4802
4263
703
3418
3461
5709
5984
5360
6185
6808
6411
3740
2105
3744
2932
8674
7682
1406
8180
8900
6335
6057
2146
8261
2787
7145
1020
5230
8173
3505
8419
5252
1115
2948
482
1883
308
4963
4789
5737
8184
5986
9346
3087
2803
6747
5487
5938
385
333
5748
4684
Query: 46
Nearest neighbour-1: 8474
distanceLSH: 336.837
distanceTrue: 261.362
tLSH: 0.000259777
tTrue: 0.020555
10000-near neighbours:
8474
1450
7738
654
5542
8943
9717
1547
810
6492
5497
8984
3053
3279
414
9953
1042
2964
2247
4107
8059
6491
292
20
7551
4071
4930
9528
6135
2243
7579
3703
3642
4789
6743
7973
8342
5154
7972
4233
8282
5123
6368
5417
9056
5848
3943
2406
2214
9159
3895
8615
6442
3272
1934
4035
3627
3123
1852
9132
1167
4129
2220
3878
5212
5411
4456
3907
1288
1453
8285
5508
7271
9746
7368
4147
2723
1690
5988
49
4644
4772
Query: 47
Nearest neighbour-1: 8228
distanceLSH: 288.681
distanceTrue: 99.6293
tLSH: 0.000320777
tTrue: 0.02035
10000-near neighbours:
8228
2785
9029
9405
3025
3182
8653
8584
1850
7929
2625
2840
3048
4099
9971
7212
4825
5996
5212
3834
3135
2970
137
3355
1773
6211
2707
1127
3142
1619
7123
7980
8737
5248
6700
6081
3106
7508
7634
7553
1496
2453
5673
1436
75
5631
5342
83
4617
8075
5808
726
8330
9959
878
3015
9896
5271
4712
2428
2179
4917
5282
2632
2386
8651
259
4658
6363
4335
6148
7468
7015
2032
5459
9027
8455
9998
7485
Query: 48
Nearest neighbour-1: 7918
distanceLSH: 370.892
distanceTrue: 294.394
tLSH: 0.000245777
tTrue: 0.020271
10000-near neighbours:
7918
4009
4247
232
1495
572
4136
2995
3048
2130
4443
1151
3944
4208
9826
6669
5411
3234
5175
5570
5637
2849
3902
3263
2163
5417
5341
1219
2235
999
7114
2394
7761
1944
6092
7988
2933
6083
8675
4994
4540
9512
1810
435
582
2787
9387
196
514
6869
5104
3140
8440
1481
6504
2915
4811
8981
1474
690
7049
4835
7854
5914
8444
199
6447
4614
6888
8415
7146
2896
Query: 49
Nearest neighbour-1: 2189
distanceLSH: 330.967
distanceTrue: 155.763
tLSH: 0.000261777
tTrue: 0.020489
10000-near neighbours:
2189
1001
723
5760
2948
1965
7026
2443
8606
2327
6704
8914
4305
2240
4914
1040
4822
482
6959
3208
5338
777
2778
4547
4782
5527
5741
1380
1217
1960
2780
9487
5316
5464
2093
4609
1905
2480
711
9789
2504
441
2281
5909
1446
3536
3549
3529
3995
5481
1404
1200
8971
7641
1722
1042
3605
9194
4962
1434
5268
2841
4428
2644
8947
9070
6156
7284
9279
Query: 50
Nearest neighbour-1: 6605
distanceLSH: 293.738
distanceTrue: 128.783
tLSH: 0.000246777
tTrue: 0.021384
10000-near neighbours:
6605
798
4497
352
5210
515
1791
3546
9792
7477
5426
945
921
258
327
4347
8343
53
2324
3233
2387
2622
4355
1926
752
1405
8592
1297
7498
8160
8875
2344
2093
6117
6991
6603
4910
5576
6454
8735
3081
7337
7993
7453
8524
1310
7319
923
7361
8910
2967
9731
1386
1729
2817
4248
1888
6629
7897
9958
3310
1498
9644
7425
2747
9524
1156
1324
8456
523
807
7340
8750
1680
Query: 51
Nearest neighbour-1: 5513
distanceLSH: 360.022
distanceTrue: 181.141
tLSH: 0.000266777
tTrue: 0.021056
10000-near neighbours:
5513
1767
7414
2832
6502
9355
2980
3791
333
2712
5525
6226
6490
7
4791
4544
9020
7006
1114
4288
9416
5898
8047
3457
5018
1602
6785
4969
558
5613
7410
6322
8369
5469
9314
7730
8796
2181
2181
9423
6836
6627
4356
6467
543
3317
9538
2630
9218
8549
4119
3534
1364
9677
7142
39
6197
3507
504
2603
3166
4202
823
272
2361
8892
9577
8917
8074
7508
9568
3735
7098
6971
6161
9837
Query: 52
Nearest neighbour-1: 1953
distanceLSH: 322.915
distanceTrue: 130.813
tLSH: 0.000245777
tTrue: 0.020846
10000-near neighbours:
1953
5005
9880
1526
4156
1719
5627
4651
1561
8026
9863
6032
7845
4036
4329
7442
2252
3439
1901
1057
4283
6263
74
3532
5113
2051
7925
5826
7037
5416
467
5257
6382
1846
6911
4487
1955
8641
3583
1063
6195
1464
5756
6946
3438
6705
5323
42
6121
7666
5120
3874
9853
9509
8887
2213
579
3318
1535
370
1936
2871
3918
9714
1110
136
2934
7296
8940
5679
2747
7942
9274
5491
Query: 53
Nearest neighbour-1: 4625
distanceLSH: 303.951
distanceTrue: 198.776
tLSH: 0.000290777
tTrue: 0.020345
10000-near neighbours:
4625
1791
946
9610
251
4857
3702
4158
7484
931
4601
1908
4582
6852
4741
199
2460
9020
7348
7182
378
4259
1235
1146
9182
1000
5702
3416
6463
8683
1210
1210
9048
641
5353
9789
8896
4241
5439
4087
6696
5913
3169
4407
8703
6620
5613
6623
4028
7102
7274
2991
4629
8716
6882
836
2260
9340
2287
2849
2686
345
9516
4364
371
4302
4425
1287
6891
4342
568
1390
2003
8956
3166
9278
9613
1886
271
6496
8207
7777
4800
7893
6242
8533
Query: 54
Nearest neighbour-1: 7886
distanceLSH: 292.429
distanceTrue: 194.178
tLSH: 0.000265777
tTrue: 0.023479
10000-near neighbours:
7886
7040
5991
379
2422
8173
492
2826
4781
447
9355
4752
6462
7291
9172
2670
4156
853
7432
9288
867
746
4689
7568
1083
6278
1823
3452
1026
1352
3776
1977
6164
3900
5205
5238
5493
9086
3265
7983
3091
7353
6099
7781
8312
3958
3638
9214
1319
3944
4146
139
1621
6444
3852
1006
2868
8603
3461
2347
7968
6045
8658
4424
2440
9886
2722
9795
9969
1036
9654
7669
8910
5392
507
289
1777
9569
9605
7800
5839
130
6865
5506
5604
8307
Query: 55
Nearest neighbour-1: 607
distanceLSH: 204.313
distanceTrue: 159.308
tLSH: 0.000258777
tTrue: 0.024829
10000-near neighbours:
607
8596
6533
4436
9829
3101
8353
3875
3579
2246
9582
3854
2420
8922
9845
9640
1152
4020
1281
7979
6777
3315
493
4144
7371
3406
7204
6098
5199
8805
9956
6480
3820
3104
5551
6252
7706
7706
994
8627
3648
9336
6452
727
3594
5976
8345
3532
357
3202
5025
5412
7602
9884
1419
9203
692
2708
280
6388
4893
2714
7779
9182
2611
6975
5969
4865
5058
554
1041
5511
5615
3487
7352
7051
5849
1412
5019
5240
5992
4666
Query: 56
Nearest neighbour-1: 6834
distanceLSH: 337.748
distanceTrue: 184.043
tLSH: 0.000264777
tTrue: 0.021213
10000-near neighbours:
6834
3972
7800
7115
4883
4379
121
2735
3272
7384
2618
1219
484
2961
813
3002
2732
669
398
780
1785
747
5591
2004
8472
9927
1142
1816
5983
8806
9765
3187
2371
9672
9509
9123
5722
49
5325
4056
2365
3941
7942
7745
3312
7268
5423
5356
3674
1798
1798
3701
2486
2224
1055
2581
3096
5022
3022
9166
1226
4458
534
5682
5103
4610
5018
4826
160
305
1465
1218
6390
6188
9809
2897
8542
6429
Query: 57
Nearest neighbour-1: 4647
distanceLSH: 245
distanceTrue: 190.735
tLSH: 0.000278777
tTrue: 0.022426
10000-near neighbours:
4647
4537
7127
4156
9195
8855
9818
5007
3207
2537
9253
2142
3780
2228
6780
853
932
9810
9297
759
2487
1878
1083
7482
7754
8276
8032
6330
3091
5238
8059
7559
4781
7854
5847
6248
3265
8101
7781
6178
6099
9207
3905
8205
1922
3638
6752
9184
8045
2347
8322
583
2080
6055
5099
8011
9360
9364
1128
2575
7445
6728
2061
2212
9579
2744
302
1236
9679
3027
2418
6081
2976
376
7105
7558
6983
5604
7406
Query: 58
Nearest neighbour-1: 1627
distanceLSH: 250.601
distanceTrue: 167.147
tLSH: 0.000255777
tTrue: 0.021954
10000-near neighbours:
1627
3536
3013
9737
6281
3966
4235
301
1266
328
7815
6020
3368
3996
9335
3978
3853
2740
1319
7528
1101
5881
1763
2479
8701
7729
9067
1705
4099
6229
3942
1522
6037
8854
6297
8621
8386
7834
9475
5973
7761
9956
343
4195
8381
2814
4853
1643
3353
4417
5297
6555
3502
5011
4887
3031
6607
6344
2892
3217
2018
3989
1351
9589
1290
9430
2537
6109
9528
2828
7802
4481
5883
63
6216
4776
Query: 59
Nearest neighbour-1: 257
distanceLSH: 405.305
distanceTrue: 65.7419
tLSH: 0.000232777
tTrue: 0.021411
10000-near neighbours:
257
4813
1023
5279
8334
8191
7256
4562
2481
928
3403
4493
8949
3593
1260
5956
4507
6990
8245
5992
3465
3485
8396
6049
9309
1317
8175
4143
3663
738
6901
4256
4963
7091
3911
5830
8313
9496
9439
7792
6377
3914
3683
8817
3551
453
567
1052
9633
9437
2887
2743
9381
9604
428
2358
1444
6338
8067
617
4859
8533
4242
6292
5349
6482
Query: 60
Nearest neighbour-1: 5764
distanceLSH: 299.299
distanceTrue: 114.416
tLSH: 0.000104777
tTrue: 0.020843
10000-near neighbours:
8221
3458
5764
3841
9775
7247
9812
4938
3460
1857
451
7313
8892
8213
3134
9912
445
6455
3721
9391
4146
2160
3927
3396
4382
5814
7084
7440
6550
8139
6538
9469
9509
7404
1985
218
1032
7703
6166
3364
6549
7897
8741
7891
3450
4381
7163
9481
4758
4149
8188
4971
1583
1438
5572
2038
5027
1640
6950
4316
4540
8083
9103
5243
6133
1750
1136
4659
3240
6217
8770
9868
2257
2014
1020
5643
2423
9244
5222
3089
7459
5047
2911
1372
9728
Query: 61
Nearest neighbour-1: 3189
distanceLSH: 296.71
distanceTrue: 170.309
tLSH: 0.000293777
tTrue: 0.020291
10000-near neighbours:
3189
5109
3468
5721
1659
751
8365
6289
5422
8475
5251
2050
5063
4044
1274
7819
2927
9863
4341
4167
2227
9005
7253
5938
2947
188
9854
9253
6578
4567
224
4940
325
389
4474
2720
7599
6331
5546
3059
3548
8748
2048
8605
8506
8563
8432
2995
1634
3411
5727
2757
2914
4357
2614
1088
5901
397
3427
8491
9127
2849
351
6396
1699
7774
8706
3872
6283
1541
7357
8720
5239
539
6592
5800
2176
4580
7841
9936
Query: 62
Nearest neighbour-1: 7688
distanceLSH: 325.314
distanceTrue: 140.357
tLSH: 0.000273777
tTrue: 0.020424
10000-near neighbours:
7688
3389
552
1145
2486
1377
3259
888
2529
2225
6642
1004
3930
3823
9104
563
3546
5154
889
7311
4828
7219
4173
3912
5187
893
1399
8591
9482
8679
900
554
4258
6476
9077
1462
6179
6360
5175
5902
4326
4984
5202
4299
1894
7874
2645
1784
3515
1446
6728
3949
3250
3511
4296
1647
6859
1625
44
2846
9012
3621
2316
3685
8045
2162
2909
4456
3400
7471
2953
2399
3955
3142
2271
7383
7170
3156
7968
6282
8155
8616
8754
6967
6005
130
Query: 63
Nearest neighbour-1: 5264
distanceLSH: 283.023
distanceTrue: 131.651
tLSH: 0.000261777
tTrue: 0.020425
10000-near neighbours:
5264
683
2028
8609
6104
5128
2659
8742
313
309
6032
7347
9116
5670
5550
417
9019
2323
650
4919
7260
8264
5033
624
4078
3227
5531
729
3330
4499
459
8517
922
4069
4757
5549
7046
4804
6239
4027
7833
4414
3195
2165
2427
750
8660
1992
5610
7011
8621
4298
6543
6078
3328
5186
3814
3162
9280
9635
2925
2974
1144
127
8824
9754
6412
9889
8108
614
9672
1155
8670
7824
1016
9918
7532
8653
9544
2362
7285
4645
Query: 64
Nearest neighbour-1: 3623
distanceLSH: 291.04
distanceTrue: 94.9158
tLSH: 0.000252777
tTrue: 0.020638
10000-near neighbours:
3623
1181
3723
8678
1080
4818
3323
7717
7339
7949
2917
2917
1547
5900
5123
534
4854
2276
9135
9
6188
745
7773
2073
7025
7499
1488
3876
7491
5043
6226
8568
7906
8880
2836
5885
4472
6803
9881
3060
4100
9053
4183
6580
1439
3715
4344
9084
5687
1212
3592
3549
6309
8773
7994
8185
8513
4883
1073
3292
9709
472
7283
1382
9803
7215
220
6245
7231
5429
8838
9161
4528
7470
1459
4643
6189
4773
Query: 65
Nearest neighbour-1: 8498
distanceLSH: 352.98
distanceTrue: 138.275
tLSH: 0.000298777
tTrue: 0.020502
10000-near neighbours:
8498
1222
9025
4213
1780
8174
1398
1946
8096
326
8554
3818
576
4369
7805
4435
4954
5880
1400
5051
6304
2926
6657
9020
6648
8613
4268
4570
4207
3335
4681
2637
335
1925
2812
6131
7577
9790
1432
5402
4972
9113
2355
3448
6395
402
1867
2946
8945
7488
7856
1852
3293
2667
211
5518
9261
8844
9389
6443
910
614
6855
5809
3891
9126
1498
3874
8648
2696
398
1447
4326
536
5936
4105
2174
8905
9545
800
9404
8085
2203
2377
9832
449
503
6127
9831
Query: 66
Nearest neighbour-1: 8015
distanceLSH: 291.398
distanceTrue: 173.381
tLSH: 0.000237777
tTrue: 0.020357
10000-near neighbours:
8015
3552
9931
9646
3142
2391
2695
6700
6581
1127
2845
1193
3467
4183
5996
7881
1850
1130
7241
2881
2154
8653
3356
4397
2418
8193
8571
2785
2872
9777
7468
8823
9591
7742
338
1407
3834
9029
2179
2989
5673
2220
5342
6350
2712
6363
993
9804
2121
2556
4334
3466
3466
8455
1966
6151
9998
9027
1436
5054
443
8259
729
7328
5634
8795
8062
2638
4917
5808
Query: 67
Nearest neighbour-1: 8746
distanceLSH: 313.396
distanceTrue: 200.866
tLSH: 0.000237777
tTrue: 0.020976
10000-near neighbours:
8746
2997
6437
7018
1381
1821
7051
5628
7100
5620
6180
3403
66
8217
4624
928
9108
5586
1260
867
2264
9437
8293
8313
2539
8254
7654
6904
8958
4383
337
1383
7995
4256
4273
8324
5687
9079
1052
8912
409
4180
3573
2834
3832
9438
77
263
3215
6312
36
916
1886
6730
3911
4751
6482
9638
9606
294
2139
5189
6856
1605
5988
1127
107
3971
4839
7756
7247
4619
7650
6901
Query: 68
Nearest neighbour-1: 7856
distanceLSH: 312.314
distanceTrue: 224.225
tLSH: 0.000270777
tTrue: 0.021386
10000-near neighbours:
7856
2568
5204
8352
817
1219
4034
1367
9646
7163
3943
3126
9906
7863
4147
200
9565
1900
7375
1870
3512
8043
2414
2991
5318
4415
3596
1211
3477
6431
9897
7032
773
2408
8781
9118
3258
5488
8482
4947
7846
5400
7339
2466
4779
8106
5342
6145
4268
3375
8625
3801
6437
9342
5163
7956
3294
8347
4499
2655
8772
3090
2834
5486
8827
9031
9287
8456
5146
9233
9752
8970
7398
1075
5718
4157
1548
8477
6802
8757
992
3209
5528
179
4946
5461
5747
1135
8436
6604
4625
4607
Query: 69
Nearest neighbour-1: 8481
distanceLSH: 308.773
distanceTrue: 201.311
tLSH: 0.000265777
tTrue: 0.020486
10000-near neighbours:
8481
5483
3151
4632
4079
8502
5628
1525
8885
766
655
6310
9601
78
4595
6068
4914
1588
8567
2553
8341
2426
4648
7775
6149
6373
3781
59
4882
3257
2873
6439
1727
8416
4933
720
5969
8277
5775
8635
7347
3898
1825
8275
2065
4159
9442
265
4245
7627
9683
9202
5973
3336
848
769
2528
9557
9794
7629
6020
7142
1507
3025
5094
8608
9113
7104
3380
667
7196
2041
1273
3563
7245
Query: 70
Nearest neighbour-1: 9460
distanceLSH: 343.12
distanceTrue: 266.813
tLSH: 0.000278777
tTrue: 0.02029
10000-near neighbours:
9460
1962
6684
1226
5109
5163
22
5030
6680
8829
442
5720
3434
1614
1359
9288
9979
2276
4829
58
1450
3327
6605
3374
3035
7829
3524
5828
4466
2715
7964
6328
502
7699
8664
1556
2524
4736
2670
5989
6352
5057
1173
9231
6986
9267
6732
6399
6311
2604
298
7734
5996
4933
3943
5819
4371
1464
1247
583
1521
5443
1065
7646
6599
3977
146
7452
7730
5825
7103
7874
5110
4859
1204
824
780
1032
9705
939
2578
7987
7557
1458
7894
2736
9497
6317
Query: 71
Nearest neighbour-1: 1304
distanceLSH: 350.805
distanceTrue: 46.8188
tLSH: 0.000226777
tTrue: 0.020444
10000-near neighbours:
1304
5163
1676
9669
1001
80
6853
1044
3598
6759
4655
9994
6772
8884
9488
5871
1056
6060
4636
4278
537
5355
1286
652
7297
9774
7063
7790
7242
902
1631
9347
9997
5813
7082
1402
8820
8388
1000
8695
9343
1477
2901
2797
3061
3645
2112
7831
1246
2053
661
2591
9364
2677
8208
2300
5500
3909
107
9541
1806
5952
8260
4141
6111
Query: 72
Nearest neighbour-1: 6343
distanceLSH: 253.369
distanceTrue: 193.675
tLSH: 0.000251777
tTrue: 0.020429
10000-near neighbours:
6343
3995
5121
426
8965
8102
8699
2430
1408
5433
2058
1893
275
4509
3980
7966
4227
8442
4640
6953
3667
2481
1637
8788
2288
4805
1043
9965
5323
2907
5014
4123
9471
3937
3274
8537
8661
9088
693
6912
3938
9516
2320
3554
9490
6961
5935
1880
2533
9823
4058
6179
7470
3103
1490
3174
9351
7403
2212
9949
2909
3080
503
5923
8917
9175
669
2475
227
9198
9341
9542
7685
7461
7760
4523
2843
9682
1128
9747
1778
7988
6713
Query: 73
Nearest neighbour-1: 5531
distanceLSH: 365.971
distanceTrue: 303.211
tLSH: 0.000300777
tTrue: 0.020247
10000-near neighbours:
5531
4349
5550
9047
7328
1569
8332
4278
1908
5140
4366
8852
6656
2474
4078
3353
4757
5850
922
4919
8696
2529
2028
8517
5006
8504
4804
8704
9973
1746
4809
6290
5372
7544
9203
8031
4283
6104
8321
5002
8660
6144
1326
4273
9402
3683
4045
2636
1016
5574
9049
3126
3843
9138
9738
8108
1989
2846
1992
7532
8285
6946
1029
9754
232
2096
688
9594
2974
9572
670
5846
9672
9280
4375
2075
9544
8653
7285
3916
5444
3162
3329
5315
9620
7968
5392
9500
2419
6078
6969
7824
7341
5656
5876
Query: 74
Nearest neighbour-1: 798
distanceLSH: 349.375
distanceTrue: 230.458
tLSH: 0.000243777
tTrue: 0.02189
10000-near neighbours:
798
6925
7157
4352
3312
4012
5264
6456
4946
1915
8476
3151
3072
967
7782
2682
3088
4861
7829
6825
9105
3434
1009
9232
7214
4958
3676
1673
5031
5373
9483
1250
117
9251
2863
3281
7415
2773
4052
6914
3413
7794
5339
9157
8196
2331
9235
2907
3056
7672
3558
3788
5393
4620
2281
1103
9282
3843
6794
9839
3710
4130
9189
9662
1018
1523
5817
4136
1968
2634
7648
9395
7552
7768
7768
5841
2736
Query: 75
Nearest neighbour-1: 2371
distanceLSH: 600.249
distanceTrue: 131.095
tLSH: 0.000103777
tTrue: 0.022999
10000-near neighbours:
7845
7399
9813
9305
7860
4704
5018
6417
6931
8612
204
6895
3691
83
2077
725
4840
7950
5626
6259
9195
8468
9221
3670
878
5248
9433
4866
8255
4033
5382
1550
7668
7944
2869
7767
7004
7758
5675
8621
8204
4999
6694
9479
3952
8805
1386
1184
7272
8149
769
2019
7756
2371
3117
4444
403
3223
1242
1759
3783
3592
2281
1245
3510
1553
9489
110
8424
747
2761
1323
1065
9788
1497
3121
1037
8710
8167
3113
3355
7846
9176
2004
6688
9129
7962
9344
4178
9765
4203
4643
6650
Query: 76
Nearest neighbour-1: 9095
distanceLSH: 389.424
distanceTrue: 212.061
tLSH: 0.000253777
tTrue: 0.022203
10000-near neighbours:
9095
3338
957
7298
3047
5355
7101
3376
4542
6301
7956
7812
5956
5837
5718
1106
880
5108
4899
4626
3209
5772
3090
3257
8050
3015
6437
4268
3900
5785
4094
6203
3722
8482
1792
3555
8127
5461
7339
8347
6476
6436
7203
8958
5183
4499
2408
3801
2834
8043
2414
8930
8408
4422
3857
2646
3695
2385
5378
7934
4147
9118
7070
6281
9277
988
7547
8448
6377
287
5689
8970
1812
817
5581
2286
6160
6838
Query: 77
Nearest neighbour-1: 2685
distanceLSH: 319.669
distanceTrue: 251.257
tLSH: 0.000245777
tTrue: 0.021031
10000-near neighbours:
2685
3426
2900
3936
1294
5924
4430
5188
5794
2272
3401
2977
2602
1505
806
1144
3553
3812
812
5590
721
696
3534
2417
3907
3458
3869
6536
4955
7254
5968
8139
9074
7617
8777
8029
4306
9321
1040
597
808
442
3930
2749
608
7145
4355
7212
203
5206
89
9271
4114
528
5264
6797
2620
4601
1421
4484
7208
9418
5458
4728
8035
9298
4041
5519
406
113
4929
7078
5111
8605
5883
7877
8881
4632
Query: 78
Nearest neighbour-1: 8527
distanceLSH: 364.52
distanceTrue: 293.716
tLSH: 0.000297777
tTrue: 0.020866
10000-near neighbours:
8527
4044
9696
2211
1671
4685
874
6134
356
2917
5215
2244
591
556
1657
5316
8481
1781
5619
4522
7324
9920
1465
4511
8016
455
5684
8539
7967
3089
4626
3671
7983
9864
9589
6610
1595
2147
5871
4213
8989
605
719
5749
1181
1172
206
6792
9872
3606
2102
3201
7695
5589
5264
7713
6467
1305
265
3195
7505
8725
3688
9443
7918
3354
3293
9150
5356
2114
6140
4138
9795
6965
393
9453
1236
2838
5962
478
9725
1844
1600
9759
6285
3079
2496
6250
4373
5924
7601
3459
Query: 79
Nearest neighbour-1: 9146
distanceLSH: 541.512
distanceTrue: 226.868
tLSH: 0.000102777
tTrue: 0.020301
10000-near neighbours:
8700
5138
1889
3064
6215
6335
197
5905
2076
5625
2010
691
1337
8376
2134
3433
9998
5510
4691
6381
4212
5077
4012
1260
8171
1482
9983
5293
6871
4122
2083
2339
7545
5427
9243
8811
6645
5559
9146
5985
7037
4070
8368
4208
6062
4183
3636
2300
7872
3456
8463
4363
1288
7658
517
3610
4015
8241
299
1460
1310
3386
1937
9745
2274
1182
9193
1686
687
283
293
7172
9734
4800
Query: 80
Nearest neighbour-1: 7179
distanceLSH: 231.528
distanceTrue: 148.165
tLSH: 0.000235777
tTrue: 0.020319
10000-near neighbours:
7179
782
6101
2183
4550
1087
8298
2109
9114
6568
9759
8213
5933
2148
791
1632
1028
8427
8427
5598
250
175
7011
3977
2992
1229
2598
2673
5857
3943
288
138
1901
8129
8484
665
5067
7632
2690
6003
9968
7899
7899
1099
4154
9088
8329
5452
4846
3937
7858
7444
5528
1373
5162
6303
6853
6932
6416
5257
4861
7193
1483
5594
6331
2660
5216
5091
1547
8000
1301
4493
5620
7806
Query: 81
Nearest neighbour-1: 2806
distanceLSH: 331.228
distanceTrue: 146.311
tLSH: 0.000241777
tTrue: 0.021604
10000-near neighbours:
2806
2499
5204
7873
9160
6245
1898
9406
8015
7439
1371
2114
3875
4247
3721
6073
6709
174
9532
599
1183
2287
6156
8835
3450
2398
4455
1832
8584
7086
1513
3638
7130
9065
9164
1549
7453
401
9741
9092
1285
7449
5683
7986
7157
8627
4116
7560
6888
7464
9031
5516
2028
5864
3937
5513
4557
3001
5898
5596
8803
9758
5247
8099
1652
4576
4988
5644
4739
512
3436
6274
2803
8883
3913
1012
7845
5047
Query: 82
Nearest neighbour-1: 9026
distanceLSH: 355.536
distanceTrue: 276.819
tLSH: 0.000294777
tTrue: 0.022074
10000-near neighbours:
9026
410
4578
3
7820
7328
8965
5862
4568
1601
4765
7348
4027
4690
58
5220
3106
5620
8833
1406
1406
522
5339
711
8225
3168
1083
5187
3987
1008
8853
5471
4473
2342
8452
34
7078
9548
9767
5328
8696
8169
456
4409
7923
4788
6075
9587
3976
587
9895
8089
3810
5285
923
2301
9369
3450
1379
4183
230
2543
6974
6913
3894
2886
4494
6768
1996
9424
8148
7342
1038
6533
5929
7111
5869
1573
9276
4503
5106
7830
5448
6901
7284
6161
Query: 83
Nearest neighbour-1: 3311
distanceLSH: 334.301
distanceTrue: 271.982
tLSH: 0.000231777
tTrue: 0.024552
10000-near neighbours:
3311
1811
515
3501
3594
9601
9556
2248
5369
7921
4930
877
3358
3378
7153
4328
6216
9315
547
2225
563
196
5134
4962
1317
4536
6825
1702
4563
6622
3060
9235
8268
6734
2604
9281
9064
40
5962
3078
7295
2797
6186
7528
2106
3491
2805
9802
6464
8252
3382
2057
2775
7230
1949
43
8314
8644
8560
25
1572
7588
9168
5793
5499
2968
451
4482
3224
4529
6710
Query: 84
Nearest neighbour-1: 1891
distanceLSH: 336.535
distanceTrue: 181.607
tLSH: 0.000229777
tTrue: 0.022322
10000-near neighbours:
1891
9157
9103
1663
7582
6847
959
7449
5431
6621
5250
2729
894
4470
1768
7495
1958
8641
6439
1500
6457
4201
9419
252
1569
9688
4329
8443
7079
4036
5208
3240
5005
7581
5606
7280
8375
4283
5323
7930
8688
1955
3305
5383
4467
4376
1063
8013
9274
3024
9402
2706
2303
5623
6455
4896
3683
2213
2266
4421
1688
9462
3391
897
3741
1627
6982
2747
3438
7243
4380
4412
5491
Query: 85
Nearest neighbour-1: 2468
distanceLSH: 233.846
distanceTrue: 192.678
tLSH: 0.000264777
tTrue: 0.022769
10000-near neighbours:
2468
9618
9548
9793
5084
4328
3327
254
4669
4634
4566
8393
5005
1724
4539
7844
3064
5779
142
4319
7975
209
8739
7140
4032
9721
1811
4602
7811
7617
7363
266
9975
5524
720
2017
5778
8588
5068
2855
5569
1227
1298
6407
7925
5774
1697
829
7619
2145
8424
3899
3809
6587
3305
6819
3362
5726
5722
3895
6942
9348
2883
6928
2419
2644
9368
2459
9660
2451
1685
5637
5767
1506
4775
3134
5259
7470
9139
3797
2026
2175
6655
1988
3044
5473
9782
4294
4799
Query: 86
Nearest neighbour-1: 9101
distanceLSH: 486.813
distanceTrue: 285.107
tLSH: 0.000298777
tTrue: 0.022323
10000-near neighbours:
9101
4247
457
2208
6133
1932
4118
5418
6701
6813
292
8950
8333
7236
6908
9489
6091
2813
2947
2521
5064
4668
8399
7681
3559
3559
6028
2944
5594
431
7499
4635
3230
7806
9609
4863
4137
7537
7739
9966
532
5116
117
8681
3849
9140
592
2720
1295
3914
9739
1855
3235
6998
8820
1287
680
8151
285
958
3004
8799
8141
9600
3668
8239
9628
7591
6547
8043
1155
8250
1559
1565
9594
9902
1006
6287
5886
4529
9344
6071
9634
7586
3495
8966
7098
5603
Query: 87
Nearest neighbour-1: 1816
distanceLSH: 509.727
distanceTrue: 224.907
tLSH: 0.000105777
tTrue: 0.021655
10000-near neighbours:
9038
8464
7074
1949
1935
2572
7937
2379
1844
3615
1454
7102
9236
1237
9667
3268
2993
9539
3085
1476
2198
1032
1204
216
7267
9553
7608
7176
3994
3241
7131
2030
1816
5445
525
3639
9734
3346
1039
1887
3454
4961
4039
3985
3373
9947
8041
7581
8606
83
4347
2725
6745
2885
3130
7200
4978
8789
986
5758
6425
7665
751
5888
6752
430
7069
3724
6657
4987
7965
4477
1227
9116
1450
9120
5936
7563
6234
5301
4750
4989
3939
5137
2141
8402
4575
5950
Query: 88
Nearest neighbour-1: 3099
distanceLSH: 376.871
distanceTrue: 123.56
tLSH: 0.000258777
tTrue: 0.021199
10000-near neighbours:
3099
9683
1949
8361
3224
9727
9667
4224
40
1825
7439
2906
2735
6734
6001
5472
5982
5900
6710
471
9595
3145
9596
8329
3299
452
8560
7428
496
125
1097
2225
1990
2256
3382
6662
9969
868
2248
7153
8072
3960
6241
6702
3617
5136
8780
3311
9556
5909
9531
3361
6464
3011
644
9650
3572
1981
6589
2932
7816
2805
9033
2682
9723
7840
9463
5225
7910
4021
7616
6373
8374
5138
4578
5056
4752
4055
1702
8256
9266
5470
3388
7226
Query: 89
Nearest neighbour-1: 5049
distanceLSH: 358.83
distanceTrue: 75.08
tLSH: 0.000236777
tTrue: 0.020559
10000-near neighbours:
5049
3655
1016
1371
9703
2345
9862
5739
1813
1794
8830
1971
2229
1327
7088
7096
1695
9903
4289
8810
942
1108
4104
3428
6166
3058
423
1972
4185
9262
6795
5990
8078
6080
8235
9058
3746
2390
8598
5125
9061
5148
9425
5156
1299
7098
5981
1746
5896
9810
253
4156
8063
2921
7595
7538
8233
8030
9096
2641
9979
6683
5838
8707
1722
4841
118
8763
6417
5057
5965
9483
8699
4929
Query: 90
Nearest neighbour-1: 6832
distanceLSH: 212.683
distanceTrue: 114.534
tLSH: 0.000248777
tTrue: 0.020868
10000-near neighbours:
6832
3269
8740
1243
7356
5999
8666
8509
8640
6385
3337
3212
1615
5933
613
9536
545
930
1201
8446
9962
5678
7955
7161
2024
844
2635
7438
8284
26
2003
4432
7242
4373
1935
6353
632
9663
9966
1732
7246
6234
5319
6459
5899
7705
1221
8724
7510
154
5981
3643
5572
2143
395
2306
964
8071
5711
1077
8748
5353
5371
2997
1465
1178
4365
3780
5513
9474
4667
8649
5381
6503
1146
3749
8704
3960
1322
4557
8678
5957
Query: 91
Nearest neighbour-1: 4741
distanceLSH: 192.546
distanceTrue: 50.4579
tLSH: 0.000250777
tTrue: 0.020548
10000-near neighbours:
4741
4625
7348
3416
2221
2256
1791
9266
1591
8308
4596
8780
8327
8256
7816
868
6707
3388
7567
8072
4790
6852
2623
2932
5950
7725
4259
1697
8110
1258
7616
5353
6662
7593
7187
8329
5938
7416
8263
5913
7858
1825
4028
9463
7107
2735
6018
9727
3145
4425
345
5679
5385
4021
5608
9516
9340
2849
2320
7777
8857
568
4527
2271
1886
9650
5869
9679
1320
9613
644
1287
9667
1035
1981
125
4800
8533
7934
9596
8611
5876
Query: 92
Nearest neighbour-1: 143
distanceLSH: 400.336
distanceTrue: 298.027
tLSH: 0.000426777
tTrue: 0.021075
10000-near neighbours:
143
5413
8106
5167
6089
2558
4776
8133
183
4778
3370
544
5807
5716
5644
683
7731
889
4394
874
279
4640
6874
1365
7773
8226
74
7784
7940
4765
5092
291
6648
4752
8621
8258
7541
7906
2969
7147
6620
9828
5575
1050
2806
1895
6532
9202
3517
3144
9471
772
9354
9643
7306
7044
1383
988
9283
8956
5645
2495
6094
7853
1581
4165
9711
4690
1803
7705
1355
5305
5217
2583
6374
8769
9933
4262
5383
3851
942
9937
5692
1906
41
Query: 93
Nearest neighbour-1: 1909
distanceLSH: 385.542
distanceTrue: 141.464
tLSH: 0.000242777
tTrue: 0.021896
10000-near neighbours:
1909
5178
4279
1512
2086
8618
4779
4798
4332
7823
4485
1501
5218
9951
7330
7744
3963
8365
4329
1826
6789
4043
865
1892
8399
6241
3349
5250
4907
5
9728
2367
8073
3763
6325
8952
1840
8902
6861
8088
2735
1493
5193
6195
3065
1130
8693
2294
3491
5657
8687
4003
4937
1983
7852
7426
2494
9906
4096
8242
2440
2974
175
7405
8871
6292
6005
Query: 94
Nearest neighbour-1: 3715
distanceLSH: 599.487
distanceTrue: 234.774
tLSH: 0.000104777
tTrue: 0.022744
10000-near neighbours:
6441
7032
2267
7073
2086
6733
6118
856
9221
1659
4717
4740
6021
6715
2046
5863
3470
2189
6088
594
4979
4279
5043
4806
3436
3304
5388
6321
1405
8380
8737
5665
9953
9797
3727
6485
6779
1902
5351
552
5241
6371
1303
2500
4898
7732
5993
3889
5153
8178
530
2738
3715
6850
7622
6144
9159
3797
8727
2389
7175
3428
9225
772
6949
2795
6764
2369
3354
6831
2933
9447
4294
8441
5393
504
4838
5500
88
1256
948
948
3200
8224
9660
3449
9977
35
6111
859
9477
Query: 95
Nearest neighbour-1: 8226
distanceLSH: 403.877
distanceTrue: 160.571
tLSH: 0.000249777
tTrue: 0.021582
10000-near neighbours:
8226
6735
8174
7168
1304
4300
3580
8884
3479
9195
4655
4555
2010
1001
798
6759
1044
6641
188
355
1426
5355
1286
3311
2942
1871
1056
9560
4673
7063
5836
4086
2382
7568
8050
9055
2565
247
8679
4924
8298
6274
8820
2015
3288
5280
1402
1350
348
8388
4607
2053
2874
2120
2349
704
1675
5623
2901
8208
2677
1753
2098
8850
6078
2591
3298
1239
1152
6761
9364
560
8350
98
9541
4421
8260
107
3829
9574
9426
9680
Query: 96
Nearest neighbour-1: 1840
distanceLSH: 369.751
distanceTrue: 305.392
tLSH: 0.000258777
tTrue: 0.021028
10000-near neighbours:
1840
930
9127
8836
3982
2821
4175
348
4053
3544
8065
3228
5694
1149
7092
5798
3535
845
1567
724
9489
3700
2975
1069
226
3966
47
1463
3916
9733
9371
5553
7692
9150
8155
8575
9634
6537
6520
4160
3733
6374
8278
5509
5920
9358
5716
3314
8258
2905
8157
2156
4212
7684
4911
9333
153
6191
8150
7
7422
2283
4258
1745
2713
5244
2556
7419
3892
1836
3206
3001
8960
8369
2709
3764
1661
551
6084
7435
9946
6171
9052
1180
2582
6382
Query: 97
Nearest neighbour-1: 3575
distanceLSH: 360.21
distanceTrue: 285.79
tLSH: 0.000291777
tTrue: 0.021642
10000-near neighbours:
3575
460
1106
4537
1805
3275
5567
961
8003
3989
1623
8978
1743
9890
2582
5796
5990
8256
6216
2709
9055
4900
8105
9528
4562
91
6041
2828
8916
9008
8856
7434
208
7152
3672
3652
7386
660
7877
6344
8330
6996
165
4033
7528
7603
9372
7185
3573
7827
2233
8406
3013
1453
7802
6807
2029
5240
3528
2025
800
3996
1522
9451
1168
7194
7836
2579
4579
9985
328
8524
3137
2741
5151
1416
8621
4839
9605
1605
6297
850
2852
7834
2374
9167
6639
5490
Query: 98
Nearest neighbour-1: 3260
distanceLSH: 401.966
distanceTrue: 233.532
tLSH: 0.000242777
tTrue: 0.021014
10000-near neighbours:
3260
1910
1349
5799
6908
6873
5334
3479
2156
2317
7331
4979
8003
544
9560
2952
9326
867
891
8571
6303
8442
888
5167
1391
2081
4100
8462
5384
2431
6858
8473
1695
4959
7847
610
3698
7170
3350
5604
7667
1900
3296
3126
2939
3721
6495
8057
1329
6690
1694
6760
508
2475
7996
7338
6163
3886
741
9812
1773
5082
9133
6486
8745
9827
848
8021
4231
9150
3917
7620
4075
8932
1163
8425
6167
Query: 99
Nearest neighbour-1: 9483
distanceLSH: 289.898
distanceTrue: 137.43
tLSH: 0.000270777
tTrue: 0.021808
10000-near neighbours:
9483
2789
9846
3847
8885
58
5470
4260
6852
7000
6825
4676
7025
9446
5977
1622
8984
8902
258
8178
906
1099
2378
4833
5300
2581
8038
66
1651
3564
3787
3803
6743
6886
461
7782
4199
9479
7253
7121
8789
6395
8493
8812
3172
6978
9382
6464
8530
8432
7872
2802
8582
627
9442
6210
2080
9429
8289
696
8544
7194
3815
2882
1940
8889
2887
2751
4262
7718
5356
2695
4271
9867
1991
1533
1566
2447
9090
1177
3885
4800
9778
3410
667
351
5953
8426
7012
8283
7178
Query: 100
Nearest neighbour-1: 3107
distanceLSH: 385.386
distanceTrue: 184.613
tLSH: 0.000256777
tTrue: 0.020567
10000-near neighbours:
3107
4460
4154
2550
153
6264
2847
1820
903
4511
7899
1483
6416
4782
6853
855
492
248
6379
4365
2557
1136
4493
7060
6340
1105
5963
5981
5162
1082
2482
9430
8450
3022
3799
4472
5091
8175
9247
5723
7361
2577
717
8299
5257
2992
8484
5096
3943
9968
3277
4286
791
2969
9639
8242
5196
5127
5788
7597
665
7349
9375
5067
7404
3420
782
5528
5993
9114
1204
346
8298
1506
2274
4008
288
1716
9764
630
2029
4398
7894
3025
6225
5765
