1 0 16 35 5 32 31 14 10 11 78 55 10 45 83 11 6 14 57 102 75 20 8 3 5 67 17 19 26 5 0 1 22 60 26 7 1 18 22 84 53 85 119 119 4 24 18 7 7 1 81 106 102 72 30 6 0 9 1 9 119 72 1 4 33 119 29 6 1 0 1 14 52 119 30 3 0 0 55 92 111 2 5 4 9 22 89 96 14 1 0 1 82 59 16 20 5 25 14 11 4 0 0 1 26 47 23 4 0 0 4 38 83 30 14 9 4 9 17 23 41 0 0 2 8 19 25 23 1 
2 14 35 19 20 3 1 13 11 16 119 85 5 0 5 24 26 0 27 119 13 3 9 19 0 0 11 73 9 10 3 5 0 92 38 17 39 32 7 15 47 119 111 53 27 8 0 0 52 5 7 63 51 84 43 0 1 12 8 20 25 33 30 2 5 59 23 25 105 25 23 5 18 119 15 7 13 14 19 95 119 5 0 0 14 119 103 93 39 11 4 1 4 13 43 62 18 2 0 0 8 44 65 7 1 3 0 0 1 19 45 94 95 13 7 0 0 3 52 119 52 15 2 0 0 0 11 21 33 
3 0 1 5 3 44 40 20 14 10 100 63 7 44 47 9 6 7 70 114 82 11 5 3 4 30 16 33 55 5 0 0 4 104 46 12 2 8 5 40 66 85 117 117 5 7 3 1 6 0 62 108 86 51 22 2 0 7 1 15 117 95 2 1 12 117 33 4 2 0 0 3 56 117 20 3 0 0 40 78 93 0 1 2 5 24 86 96 16 0 0 0 77 75 10 19 7 22 8 12 7 0 0 3 44 35 11 2 0 0 10 55 117 17 9 12 2 1 14 34 31 0 1 6 10 12 4 23 10 
4 12 47 14 25 2 3 4 7 14 122 90 7 0 0 6 14 0 24 122 22 2 4 6 0 0 10 93 10 6 6 0 0 122 31 9 23 19 9 8 56 122 100 29 19 3 0 0 25 3 9 43 59 76 32 0 0 8 6 10 7 24 58 1 1 81 23 32 68 14 19 10 23 122 13 2 1 4 9 86 122 3 0 0 8 122 95 68 30 9 2 0 2 26 50 44 13 0 0 0 3 12 82 18 7 6 0 0 0 2 20 112 122 6 5 1 0 3 69 122 43 15 1 0 0 0 27 29 21 
5 1 1 0 0 14 16 30 50 2 40 81 25 65 37 7 3 13 121 121 15 2 4 4 6 0 11 71 106 2 2 0 0 92 41 1 0 1 2 24 65 121 121 110 5 2 1 1 12 6 96 121 13 4 4 1 0 0 4 46 118 46 9 0 0 121 33 8 7 0 0 0 42 121 20 0 0 0 2 33 105 12 6 5 1 4 60 107 18 0 0 0 15 37 37 30 15 21 2 12 16 3 0 0 23 40 7 8 0 0 2 57 121 14 2 1 0 0 25 70 48 0 0 2 0 1 4 28 34 
6 48 69 9 6 2 3 7 25 64 130 33 4 0 0 0 9 1 22 66 44 14 6 0 0 1 5 7 4 19 40 1 0 130 17 15 16 11 6 9 70 130 18 2 1 0 0 5 51 12 3 5 32 116 17 11 5 2 1 0 10 80 47 8 0 68 21 47 51 9 23 12 18 108 6 1 0 0 11 130 130 1 0 0 1 43 92 130 48 6 0 0 2 44 130 48 11 0 0 0 4 16 90 10 0 7 1 0 1 5 33 87 84 5 13 3 0 0 35 130 31 20 8 2 0 0 30 26 4 
7 0 42 55 4 16 26 24 10 1 91 100 12 42 70 8 0 17 48 111 73 19 5 2 2 68 23 13 15 6 2 1 27 98 32 3 1 5 22 93 48 111 111 109 4 14 32 33 24 1 42 83 108 98 43 28 1 25 1 4 83 67 5 4 48 111 41 15 2 0 0 7 55 105 18 3 0 0 34 105 111 8 2 3 13 29 61 78 17 8 0 0 48 61 40 20 7 23 45 9 1 0 0 0 9 30 29 13 11 8 1 6 57 8 2 4 19 18 29 21 64 0 0 2 18 44 45 11 2 
8 16 36 10 7 0 0 31 30 11 69 90 7 0 17 38 29 0 15 112 15 5 9 41 5 0 3 22 36 32 10 6 1 112 66 11 36 13 2 7 29 112 102 96 32 36 4 0 30 3 5 68 44 91 34 2 1 3 16 30 55 42 14 6 0 112 15 22 86 24 24 10 30 112 6 6 10 52 43 112 112 6 1 1 7 84 112 99 21 6 7 11 17 9 59 44 4 13 0 0 14 70 51 7 2 8 1 0 0 27 45 100 91 28 5 0 0 0 33 75 62 20 8 9 5 0 3 7 41 
9 8 35 11 5 13 4 4 4 9 41 110 50 8 0 3 4 20 47 110 15 3 3 1 14 5 18 50 23 6 6 4 4 79 56 7 2 5 2 6 22 107 110 110 43 1 0 0 37 0 26 110 110 49 26 3 0 7 6 21 52 31 26 26 15 110 38 1 13 18 2 4 33 110 78 13 14 41 34 110 102 7 2 12 83 59 62 91 61 7 2 9 68 75 28 2 8 86 9 13 15 11 0 6 33 52 14 12 50 86 18 56 63 43 38 15 15 13 4 34 68 3 0 2 24 51 17 4 7 
10 21 13 18 11 14 6 4 14 39 54 52 10 8 14 5 2 23 76 65 10 11 23 3 0 6 10 17 5 7 21 20 13 63 7 25 13 4 12 13 112 109 112 63 21 2 1 1 40 25 43 41 98 112 49 7 5 18 57 24 14 62 49 34 29 100 14 3 1 5 14 7 92 112 14 28 5 9 34 79 112 18 15 20 29 75 112 112 50 6 61 45 13 33 112 77 4 18 17 5 3 4 5 4 15 28 4 6 1 7 33 86 71 3 8 5 4 16 72 83 10 5 40 3 0 1 51 36 3 
11 13 60 15 4 5 1 1 9 11 72 114 30 2 1 9 25 2 29 114 17 2 12 11 0 2 33 56 11 2 35 10 2 86 45 8 1 0 0 9 27 113 114 78 17 4 4 8 47 2 10 97 102 40 26 12 2 4 0 21 87 32 46 13 8 114 29 7 9 16 2 2 23 107 38 15 10 48 41 114 109 7 2 8 28 33 72 114 74 2 0 10 65 60 49 4 7 109 10 3 19 15 1 5 37 37 6 6 59 94 20 37 50 38 33 12 11 3 1 30 72 9 1 2 23 26 10 6 19 
12 17 10 6 47 11 6 1 20 49 86 36 33 5 6 2 0 9 62 53 29 10 19 4 0 6 9 9 7 7 30 12 10 110 12 8 32 6 1 2 80 102 101 35 36 6 2 1 15 8 22 26 97 110 68 5 2 18 30 11 4 42 56 39 23 110 9 6 5 9 10 10 71 84 10 8 7 21 42 108 108 21 17 44 36 104 107 110 43 4 78 79 19 38 72 57 2 18 3 2 2 4 9 19 67 5 2 0 0 12 39 74 53 6 9 5 1 6 54 110 22 2 29 5 0 0 55 82 4 
13 8 0 0 0 1 5 29 86 16 18 68 26 55 41 12 20 10 79 131 13 12 12 9 5 5 29 74 72 4 5 0 4 80 53 5 1 0 1 10 39 131 131 83 5 0 0 1 17 20 65 131 5 0 1 1 2 0 11 92 119 20 7 0 0 90 17 11 26 3 0 0 35 131 22 0 0 0 0 30 131 22 6 7 1 0 24 131 48 0 0 2 9 28 41 52 15 14 5 13 11 2 0 0 16 34 14 19 2 0 0 27 130 23 4 0 0 0 11 69 71 0 0 1 1 0 3 28 43 
14 74 71 4 5 0 4 5 29 93 120 19 7 0 0 0 11 2 10 28 41 52 15 0 0 1 1 0 3 28 43 0 0 131 13 13 12 9 5 10 78 131 6 0 1 1 2 20 64 7 1 0 24 131 49 22 6 0 0 0 11 69 71 23 4 67 25 55 41 12 21 16 18 83 5 0 0 1 18 131 131 0 0 0 0 30 131 131 22 19 2 0 0 27 130 34 14 0 0 1 5 29 87 8 0 5 1 0 1 9 38 79 54 10 26 3 0 0 35 90 17 13 11 2 0 0 16 14 6 
15 22 45 12 24 7 8 6 10 28 124 109 19 0 1 7 16 0 0 124 40 2 4 15 3 4 1 74 27 8 3 5 2 124 29 16 65 48 9 5 32 124 68 39 28 22 1 0 33 4 3 45 46 90 58 0 1 6 5 20 37 39 34 0 0 59 12 10 66 32 44 16 18 124 10 3 8 29 28 75 124 8 2 0 3 124 100 61 40 12 5 5 17 16 28 54 18 0 0 0 2 57 64 12 3 13 1 0 0 8 27 81 124 21 3 0 0 2 50 104 57 13 7 2 0 0 7 26 21 
16 77 35 2 5 1 0 0 1 102 44 34 116 19 0 0 0 3 72 80 79 10 0 0 0 2 49 90 9 0 0 0 0 102 116 6 5 1 0 0 4 116 90 44 99 3 0 0 30 4 86 116 116 4 0 1 5 0 55 83 56 9 0 2 3 116 19 0 6 2 0 2 48 94 17 2 4 0 2 34 116 11 6 15 18 16 45 30 82 0 4 2 15 26 14 48 27 46 7 3 9 0 0 5 26 25 0 0 0 0 10 43 105 16 0 0 0 10 38 25 115 0 0 0 0 6 19 41 23 
17 0 5 6 7 61 70 7 2 20 90 44 22 18 37 10 15 20 22 68 90 15 11 0 6 96 28 5 5 0 0 0 14 75 92 47 11 25 10 19 31 14 129 129 24 10 1 0 0 4 20 94 129 87 4 0 0 45 4 5 63 42 0 2 74 129 50 2 0 0 0 7 40 63 37 20 3 12 65 55 20 0 0 2 61 107 48 29 6 9 0 0 116 99 2 2 22 75 2 0 0 0 0 21 96 19 2 0 0 0 39 85 67 1 3 7 5 9 15 53 27 1 0 0 41 49 8 10 5 
18 86 4 0 2 24 1 0 14 77 18 20 34 0 0 0 8 0 4 55 52 9 5 8 3 0 1 16 68 48 11 1 0 120 3 0 34 51 1 0 16 127 55 14 6 0 0 1 28 7 48 110 30 21 15 12 3 0 1 24 62 127 76 0 0 48 0 0 7 63 57 8 65 103 12 0 0 0 19 90 127 7 6 0 0 18 107 127 21 1 2 2 26 126 127 35 2 8 14 0 1 34 26 3 17 15 28 8 10 12 38 52 73 30 73 18 3 5 50 105 13 12 35 9 46 9 5 11 3 
19 12 56 10 1 9 5 2 5 20 74 114 26 3 2 7 14 3 57 114 15 5 16 13 3 1 38 44 10 6 32 8 3 70 42 6 0 2 0 7 25 114 108 85 9 3 8 18 36 2 26 114 89 39 30 21 5 3 1 19 87 32 43 9 8 114 29 4 8 10 1 6 26 114 62 23 9 34 34 80 91 7 5 14 36 46 81 104 63 1 0 11 68 65 44 7 6 114 6 1 20 12 0 1 34 63 3 2 57 105 26 44 55 39 18 7 14 6 8 50 82 10 2 3 23 22 5 4 27 
20 27 7 14 34 9 5 3 27 29 94 32 35 5 8 2 0 11 59 73 31 7 14 0 0 5 18 12 4 5 36 10 4 111 13 8 25 9 2 6 82 108 96 36 36 13 1 6 32 13 34 41 90 111 67 5 5 8 21 16 8 58 76 34 17 111 20 2 5 10 8 17 74 83 9 2 13 24 42 111 111 24 10 28 32 73 95 111 60 3 62 93 18 44 63 72 2 10 2 8 4 4 5 18 55 8 1 2 0 6 32 66 47 5 7 4 1 8 39 111 22 2 26 6 0 0 42 97 1 
21 3 22 8 7 11 2 4 8 3 33 108 34 11 1 6 7 25 65 108 7 3 4 3 21 3 23 52 20 10 6 4 4 51 68 11 5 9 2 5 28 94 99 112 40 0 0 0 56 1 52 112 104 34 40 3 0 5 9 25 55 29 36 22 15 112 21 1 12 10 3 10 44 112 75 19 10 23 20 61 93 5 5 29 99 38 76 88 59 5 0 13 81 85 19 3 10 80 4 8 25 5 0 0 33 83 6 6 46 85 14 53 82 42 27 11 25 20 14 61 85 9 3 2 30 44 8 5 17 
22 36 11 16 10 10 7 4 24 36 58 48 16 13 12 7 3 21 92 69 16 10 23 2 0 4 13 13 3 9 31 24 16 73 6 14 16 4 17 20 115 115 89 60 29 2 0 2 68 47 50 35 104 115 53 8 8 14 61 34 26 86 54 27 19 88 16 3 2 8 15 8 59 115 26 3 0 10 42 71 115 21 6 15 12 47 115 115 50 6 44 43 10 25 115 94 9 11 17 6 3 5 8 2 8 23 6 10 0 8 33 57 87 3 7 9 5 18 71 58 11 4 32 5 1 1 40 31 3 
23 45 28 25 57 10 11 1 6 109 17 15 15 11 29 90 109 5 0 0 3 54 109 109 37 8 3 0 0 6 46 35 25 79 23 5 26 83 60 3 4 2 1 2 6 84 109 94 62 20 12 1 0 0 42 109 87 34 13 7 0 0 9 24 67 79 7 0 55 109 12 9 29 5 6 36 103 109 20 4 6 83 88 22 9 0 1 6 30 25 54 33 22 8 2 0 9 24 0 1 7 17 20 75 50 7 5 63 75 18 6 11 36 62 81 46 37 2 2 3 15 20 34 17 14 49 18 5 10 
24 78 35 1 7 1 0 0 1 108 42 31 116 25 0 0 0 3 77 83 69 12 0 0 0 1 44 90 8 0 0 0 0 107 108 4 5 1 0 0 5 116 94 37 106 3 0 0 30 4 90 116 115 4 0 1 4 1 46 83 57 11 0 2 2 116 17 0 7 4 0 2 45 112 17 2 7 1 2 24 116 13 7 16 18 17 40 29 71 0 3 2 19 37 11 39 24 51 8 2 12 1 0 5 25 34 0 0 0 0 6 41 112 18 0 0 0 11 39 25 101 0 0 0 0 8 15 37 27 
25 2 0 1 18 71 77 16 5 0 0 0 10 27 34 89 55 36 13 4 7 2 8 73 81 38 32 31 24 9 0 0 23 2 0 3 12 57 99 19 5 0 2 22 30 46 70 23 12 111 30 7 1 0 7 43 96 115 8 0 10 21 6 2 95 3 18 28 16 20 35 14 1 0 27 115 59 34 13 0 0 81 115 86 23 1 0 2 3 95 89 1 5 19 5 10 28 10 62 33 25 8 1 0 0 32 115 115 24 3 2 0 2 9 35 115 115 91 10 12 4 13 11 0 12 29 15 46 71 
26 33 22 8 0 1 21 39 33 1 10 21 5 2 90 115 9 2 3 21 5 8 27 95 90 1 8 27 12 43 74 15 12 4 8 2 7 76 80 34 11 8 1 0 6 43 94 110 30 81 23 1 0 1 3 79 115 115 111 100 9 15 7 9 35 0 10 32 37 82 56 1 0 22 30 46 72 22 11 0 1 115 62 32 13 0 0 0 25 115 30 3 2 0 2 27 115 1 14 65 83 16 6 2 0 4 10 50 101 20 6 2 0 29 17 19 31 14 1 2 20 36 25 6 1 0 0 11 69 
27 31 15 47 69 14 11 0 13 88 10 12 4 8 35 114 114 3 2 0 2 34 114 114 22 8 1 0 0 10 59 34 25 19 5 11 28 94 89 1 5 1 0 2 3 81 114 88 23 34 14 0 0 0 28 114 58 20 36 14 1 4 17 28 15 21 6 2 97 114 8 0 10 0 7 43 96 111 30 7 1 47 69 24 12 0 2 23 29 60 98 19 5 2 0 3 12 9 0 0 24 38 31 31 24 2 8 72 81 37 13 4 7 26 32 92 54 0 0 0 9 72 76 15 5 2 0 1 19 
28 0 4 3 6 61 70 6 3 20 70 34 23 25 37 11 16 32 18 46 67 23 12 0 8 100 32 5 2 2 0 0 11 61 89 53 11 27 12 17 32 10 132 132 43 11 1 0 0 10 21 84 132 80 1 0 2 73 12 4 34 32 0 4 74 132 63 4 0 0 0 4 28 59 46 27 7 19 51 36 11 0 0 3 90 132 35 13 2 21 0 0 81 88 1 3 51 101 3 0 0 0 1 21 95 17 0 1 0 0 49 86 54 1 0 2 13 26 17 47 29 5 0 0 59 67 3 3 5 
29 74 1 0 6 35 2 0 17 100 16 18 25 1 0 0 17 1 14 74 51 6 1 3 1 0 3 25 84 63 1 0 0 86 5 2 50 63 1 0 16 131 44 6 2 0 0 2 42 18 56 68 14 24 24 20 6 0 2 18 28 131 98 1 0 26 1 0 12 90 64 7 37 102 6 0 0 2 25 66 131 13 4 0 0 10 131 131 32 7 3 6 36 110 128 50 3 4 4 0 5 62 33 3 6 21 33 4 9 12 27 29 73 27 70 15 7 10 60 70 13 26 45 15 29 2 1 10 4 
30 12 38 14 7 11 4 2 5 11 37 113 55 11 0 1 6 23 36 113 22 3 3 1 13 6 22 38 33 5 7 2 5 100 61 7 6 4 1 8 20 111 108 113 51 2 1 0 19 0 14 113 113 50 39 7 1 5 9 21 47 29 31 23 21 113 39 5 14 14 5 2 20 106 53 20 16 30 39 113 111 7 0 10 97 83 61 66 51 6 5 6 55 65 30 3 9 88 19 5 16 20 2 11 37 38 20 15 56 67 15 52 65 38 32 6 17 26 9 19 68 0 0 3 25 47 21 1 4 
